5 59
6 60
7 53
8 63
9 62
10 69
11 69
12 70
13 73
14 75
15 74
16 74
17 76
18 77
19 77
20 79
21 80
22 79
23 80
24 81
25 82
26 81
27 82
28 83
29 82
30 83
31 83
32 83
33 84
34 84
35 84
36 84
37 85
38 84
39 85
40 85
41 85
42 85
43 86
44 86
45 86
46 86
47 86
48 86
49 86
50 86
51 86
52 86
53 87
54 87
55 86
56 87
57 87
58 87
59 87
60 87
61 87
62 87
63 87
64 87
65 87
66 87
67 87
68 87
69 87
70 87
71 88
72 88
73 87
74 88
75 88
76 87
77 87
78 87
79 88
80 88
81 88
82 88
83 88
84 88
85 87
86 88
87 88
88 88
89 87
90 87
91 88
92 87
93 87
94 87
95 87
96 87
97 87
98 87
99 87
100 87
101 88
102 87
103 87
104 87
105 87
106 87
107 87
108 87
109 87
110 87
111 87
112 87
113 87
114 87
115 87
116 87
117 87
118 87
119 87
120 87
121 87
122 87
123 87
124 87
125 87
126 87
127 86
128 87
129 87
130 86
131 86
132 86
133 86
134 86
135 86
136 86
137 86
138 86
139 86
140 86
141 86
142 86
143 85
144 86
145 85
146 86
147 86
148 85
149 85
150 85
151 85
152 85
153 85
154 85
155 85
156 85
157 85
158 85
159 85
160 84
161 85
162 85
163 85
164 85
165 84
166 85
167 84
168 84
169 84
170 83
171 84
172 84
173 84
174 83
175 83
176 83
177 84
178 83
179 83
180 83
181 83
182 83
183 82
184 82
185 82
186 83
187 83
188 82
189 82
190 82
191 82
192 82
193 82
194 81
195 82
196 81
197 81
198 81
199 82
200 81
201 81
202 81
203 81
204 81
205 80
206 80
207 81
208 80
209 80
210 80
211 80
212 80
213 79
214 79
215 80
216 80
217 79
218 79
219 79
220 79
221 79
222 79
223 79
224 78
225 78
226 78
227 78
228 78
229 78
230 77
231 78
232 77
233 78
234 77
235 77
236 77
237 77
238 76
239 77
240 76
241 76
242 76
243 76
244 76
245 76
246 75
247 75
248 76
249 75
250 75
251 74
252 74
253 74
254 74
255 74
256 74
257 73
258 74
259 74
260 73
261 73
262 73
263 73
264 73
265 72
266 72
267 72
268 72
269 73
270 72
271 71
272 71
273 71
274 71
275 71
276 70
277 71
278 71
279 70
280 70
281 70
282 70
283 70
284 69
285 69
286 69
287 68
288 69
289 68
290 69
291 68
292 68
293 68
294 68
295 67
296 68
297 67
298 67
299 67
300 67
301 66
302 66
303 66
304 66
305 66
306 65
307 65
308 66
309 65
310 65
311 64
312 64
313 63
314 64
315 64
316 64
317 64
318 62
319 63
320 63
321 62
322 62
323 63
324 62
325 63
326 62
327 61
328 62
329 61
330 61
331 61
332 60
333 61
334 59
335 61
336 59
337 59
338 59
339 59
340 58
341 57
342 58
343 56
344 58
345 58
346 56
347 57
348 57
349 57
350 56
351 56
352 56
353 56
354 55
355 55
356 55
357 55
358 54
359 55
360 55
361 54
362 55
363 53
364 53
365 53
366 52
367 53
368 52
369 51
370 52
371 52
372 52
373 51
374 50
375 50
376 50
377 49
378 50
379 49
380 50
381 47
382 49
383 48
384 49
385 47
386 49
387 47
388 49
389 48
390 48
391 48
392 47
393 48
394 46
395 46
396 45
397 46
398 45
399 45
400 45
401 45
402 44
403 44
404 45
405 44
406 42
407 43
408 42
409 43
410 41
411 41
412 43
413 41
414 42
415 42
416 42
417 39
418 42
419 40
420 39
421 40
422 40
423 39
424 38
425 37
426 38
427 40
428 38
429 37
430 37
431 38
432 38
433 37
434 37
435 38
436 37
437 37
438 36
439 35
440 36
441 36
442 36
443 35
444 35
445 35
446 33
447 37
448 33
449 35
450 34
451 34
452 33
453 33
454 31
455 32
456 32
457 32
458 32
459 32
460 30
461 32
462 32
463 32
464 30
465 30
466 30
467 30
468 29
469 30
470 30
471 30
472 30
473 28
474 28
475 28
476 28
477 27
478 28
479 28
480 26
481 28
482 28
483 27
484 27
485 26
486 27
487 27
488 27
489 25
490 25
491 26
492 25
493 26
494 24
495 25
496 25
497 23
498 24
499 23
500 24
