5 79
6 80
7 83
8 84
9 85
10 86
11 86
12 86
13 87
14 87
15 87
16 87
17 88
18 88
19 88
20 88
21 88
22 88
23 88
24 87
25 87
26 87
27 87
28 87
29 88
30 87
31 87
32 86
33 87
34 86
35 86
36 86
37 85
38 85
39 85
40 84
41 84
42 84
43 84
44 83
45 83
46 82
47 82
48 82
49 82
50 82
51 81
52 80
53 80
54 80
55 79
56 79
57 78
58 77
59 77
60 77
61 76
62 75
63 75
64 74
65 74
66 73
67 72
68 71
69 71
70 71
71 70
72 69
73 68
74 68
75 67
76 65
77 66
78 65
79 64
80 63
81 62
82 62
83 60
84 59
85 59
86 57
87 57
88 57
89 54
90 55
91 52
92 52
93 51
94 51
95 50
96 47
97 48
98 46
99 47
100 47
101 44
102 43
103 43
104 41
105 42
106 41
107 39
108 38
109 37
110 36
111 34
112 33
113 33
114 33
115 31
116 30
117 30
118 28
119 28
120 27
121 28
122 25
123 23
124 24
125 24
126 24
127 21
128 21
129 21
130 20
131 19
132 19
133 18
134 18
135 18
136 17
137 16
138 16
139 15
140 14
141 14
142 13
143 13
144 13
145 11
146 12
147 11
148 11
149 11
150 9
151 10
152 9
153 8
154 8
155 9
156 7
157 8
158 6
159 7
160 7
161 6
162 6
163 7
164 6
165 5
166 5
167 4
168 5
169 6
170 4
171 4
172 4
173 3
174 4
175 3
176 3
177 3
178 3
179 3
180 3
181 3
182 3
183 3
184 2
185 2
186 3
187 2
188 2
189 2
190 2
191 1
192 1
193 2
194 1
195 1
196 1
197 1
198 2
199 1
200 1
201 1
202 1
203 1
204 1
205 1
206 1
207 1
208 1
209 0
210 0
211 0
212 0
213 1
214 0
215 0
216 0
217 0
218 0
219 0
220 0
221 0
222 0
223 0
224 0
225 0
226 0
227 0
228 0
229 0
230 0
231 0
232 0
233 0
234 0
235 0
236 0
237 0
238 0
239 0
240 0
241 0
242 0
243 0
244 0
245 0
246 0
247 0
248 0
249 0
250 0
251 0
252 0
253 0
254 0
255 0
256 0
257 0
258 0
259 0
260 0
261 0
262 0
263 0
264 0
265 0
266 0
267 0
268 0
269 0
270 0
271 0
272 0
273 0
274 0
275 0
276 0
277 0
278 0
279 0
280 0
281 0
282 0
283 0
284 0
285 0
286 0
287 0
288 0
289 0
290 0
291 0
292 0
293 0
294 0
295 0
296 0
297 0
298 0
299 0
300 0
301 0
302 0
303 0
304 0
305 0
306 0
307 0
308 0
309 0
310 0
311 0
312 0
313 0
314 0
315 0
316 0
317 0
318 0
319 0
320 0
321 0
322 0
323 0
324 0
325 0
326 0
327 0
328 0
329 0
330 0
331 0
332 0
333 0
334 0
335 0
336 0
337 0
338 0
339 0
340 0
341 0
342 0
343 0
344 0
345 0
346 0
347 0
348 0
349 0
350 0
351 0
352 0
353 0
354 0
355 0
356 0
357 0
358 0
359 0
360 0
361 0
362 0
363 0
364 0
365 0
366 0
367 0
368 0
369 0
370 0
371 0
372 0
373 0
374 0
375 0
376 0
377 0
378 0
379 0
380 0
381 0
382 0
383 0
384 0
385 0
386 0
387 0
388 0
389 0
390 0
391 0
392 0
393 0
394 0
395 0
396 0
397 0
398 0
399 0
400 0
401 0
402 0
403 0
404 0
405 0
406 0
407 0
408 0
409 0
410 0
411 0
412 0
413 0
414 0
415 0
416 0
417 0
418 0
419 0
420 0
421 0
422 0
423 0
424 0
425 0
426 0
427 0
428 0
429 0
430 0
431 0
432 0
433 0
434 0
435 0
436 0
437 0
438 0
439 0
440 0
441 0
442 0
443 0
444 0
445 0
446 0
447 0
448 0
449 0
450 0
451 0
452 0
453 0
454 0
455 0
456 0
457 0
458 0
459 0
460 0
461 0
462 0
463 0
464 0
465 0
466 0
467 0
468 0
469 0
470 0
471 0
472 0
473 0
474 0
475 0
476 0
477 0
478 0
479 0
480 0
481 0
482 0
483 0
484 0
485 0
486 0
487 0
488 0
489 0
490 0
491 0
492 0
493 0
494 0
495 0
496 0
497 0
498 0
499 0
500 0
