5 79
6 80
7 87
8 85
9 86
10 87
11 88
12 89
13 90
14 90
15 90
16 91
17 91
18 91
19 92
20 92
21 92
22 92
23 92
24 92
25 93
26 92
27 93
28 93
29 93
30 93
31 93
32 93
33 93
34 93
35 93
36 93
37 93
38 93
39 93
40 93
41 93
42 93
43 93
44 93
45 93
46 93
47 93
48 93
49 93
50 93
51 93
52 93
53 93
54 93
55 93
56 93
57 93
58 93
59 93
60 93
61 93
62 93
63 93
64 93
65 93
66 92
67 92
68 93
69 92
70 92
71 92
72 92
73 92
74 92
75 92
76 92
77 92
78 92
79 91
80 91
81 92
82 92
83 92
84 91
85 91
86 91
87 91
88 91
89 91
90 90
91 91
92 90
93 90
94 90
95 90
96 90
97 90
98 90
99 90
100 90
101 89
102 89
103 89
104 89
105 89
106 89
107 89
108 88
109 88
110 88
111 88
112 88
113 88
114 87
115 87
116 87
117 87
118 87
119 87
120 86
121 87
122 86
123 86
124 86
125 86
126 85
127 85
128 84
129 85
130 85
131 84
132 83
133 84
134 84
135 84
136 83
137 83
138 83
139 83
140 83
141 82
142 83
143 82
144 81
145 82
146 80
147 80
148 80
149 80
150 80
151 80
152 79
153 79
154 79
155 78
156 77
157 78
158 78
159 77
160 78
161 77
162 77
163 75
164 76
165 76
166 76
167 75
168 74
169 74
170 75
171 74
172 74
173 72
174 72
175 70
176 72
177 71
178 71
179 71
180 69
181 69
182 70
183 70
184 67
185 68
186 68
187 67
188 67
189 66
190 66
191 66
192 66
193 66
194 65
195 63
196 62
197 63
198 64
199 63
200 62
201 62
202 60
203 60
204 60
205 60
206 60
207 59
208 57
209 58
210 58
211 58
212 56
213 55
214 55
215 56
216 55
217 53
218 52
219 53
220 51
221 51
222 52
223 51
224 50
225 51
226 51
227 48
228 50
229 48
230 49
231 49
232 46
233 47
234 45
235 47
236 46
237 44
238 44
239 44
240 43
241 42
242 41
243 42
244 41
245 41
246 41
247 41
248 37
249 39
250 39
251 39
252 38
253 38
254 38
255 36
256 35
257 33
258 33
259 34
260 34
261 35
262 33
263 33
264 32
265 31
266 31
267 29
268 30
269 32
270 31
271 28
272 28
273 28
274 27
275 29
276 26
277 26
278 26
279 26
280 25
281 26
282 24
283 24
284 25
285 22
286 22
287 23
288 24
289 23
290 22
291 22
292 20
293 23
294 20
295 19
296 19
297 19
298 20
299 19
300 18
301 20
302 16
303 17
304 18
305 16
306 16
307 15
308 17
309 16
310 16
311 15
312 15
313 12
314 15
315 15
316 14
317 14
318 12
319 12
320 14
321 13
322 13
323 13
324 14
325 13
326 11
327 12
328 9
329 10
330 11
331 10
332 9
333 10
334 10
335 9
336 9
337 9
338 9
339 8
340 10
341 8
342 8
343 9
344 9
345 7
346 8
347 7
348 8
349 6
350 7
351 7
352 6
353 7
354 7
355 7
356 6
357 6
358 6
359 6
360 5
361 5
362 5
363 6
364 4
365 5
366 4
367 5
368 4
369 5
370 4
371 5
372 5
373 4
374 4
375 4
376 4
377 4
378 3
379 4
380 4
381 4
382 3
383 3
384 4
385 3
386 3
387 3
388 3
389 4
390 2
391 3
392 2
393 3
394 3
395 3
396 3
397 3
398 2
399 2
400 3
401 1
402 2
403 3
404 2
405 1
406 2
407 2
408 1
409 1
410 1
411 2
412 2
413 2
414 2
415 1
416 1
417 2
418 1
419 2
420 1
421 2
422 1
423 2
424 2
425 1
426 1
427 1
428 2
429 1
430 0
431 1
432 1
433 1
434 0
435 0
436 0
437 1
438 1
439 1
440 1
441 1
442 0
443 0
444 0
445 1
446 1
447 1
448 1
449 1
450 0
451 0
452 1
453 1
454 0
455 0
456 0
457 0
458 0
459 0
460 0
461 0
462 0
463 1
464 0
465 0
466 0
467 0
468 0
469 0
470 0
471 0
472 0
473 0
474 0
475 0
476 0
477 0
478 0
479 0
480 0
481 0
482 0
483 0
484 0
485 0
486 0
487 0
488 0
489 0
490 0
491 0
492 0
493 0
494 0
495 0
496 0
497 0
498 0
499 0
500 0
