5 87
6 88
7 88
8 90
9 91
10 92
11 91
12 92
13 92
14 93
15 94
16 93
17 94
18 94
19 94
20 94
21 95
22 95
23 95
24 95
25 95
26 95
27 95
28 95
29 95
30 95
31 95
32 95
33 95
34 95
35 95
36 95
37 95
38 95
39 95
40 95
41 95
42 95
43 95
44 95
45 95
46 95
47 95
48 95
49 95
50 95
51 95
52 95
53 95
54 95
55 95
56 95
57 95
58 95
59 95
60 95
61 95
62 95
63 95
64 95
65 95
66 95
67 95
68 95
69 94
70 95
71 94
72 95
73 94
74 94
75 94
76 94
77 94
78 94
79 94
80 94
81 94
82 94
83 94
84 94
85 94
86 94
87 94
88 93
89 94
90 93
91 93
92 93
93 93
94 93
95 93
96 93
97 93
98 93
99 93
100 92
101 93
102 92
103 92
104 92
105 92
106 92
107 92
108 92
109 92
110 92
111 92
112 92
113 92
114 91
115 92
116 91
117 91
118 91
119 90
120 90
121 91
122 90
123 90
124 90
125 90
126 90
127 90
128 89
129 89
130 89
131 88
132 89
133 89
134 88
135 88
136 88
137 88
138 88
139 88
140 88
141 87
142 86
143 87
144 87
145 87
146 86
147 87
148 86
149 86
150 86
151 85
152 85
153 85
154 85
155 85
156 84
157 85
158 84
159 83
160 84
161 84
162 83
163 83
164 82
165 83
166 81
167 82
168 82
169 82
170 81
171 82
172 81
173 80
174 81
175 80
176 79
177 79
178 78
179 79
180 78
181 77
182 77
183 78
184 76
185 77
186 76
187 77
188 75
189 74
190 74
191 75
192 73
193 72
194 74
195 73
196 72
197 73
198 71
199 71
200 71
201 69
202 70
203 69
204 71
205 70
206 71
207 68
208 68
209 67
210 68
211 66
212 65
213 65
214 65
215 66
216 63
217 64
218 64
219 64
220 62
221 63
222 60
223 60
224 61
225 60
226 61
227 59
228 59
229 59
230 60
231 57
232 55
233 55
234 56
235 58
236 54
237 56
238 54
239 54
240 55
241 51
242 54
243 52
244 51
245 51
246 50
247 48
248 49
249 52
250 48
251 50
252 47
253 49
254 43
255 46
256 47
257 47
258 43
259 45
260 45
261 42
262 42
263 41
264 44
265 39
266 39
267 40
268 41
269 37
270 39
271 39
272 36
273 37
274 37
275 36
276 35
277 35
278 34
279 33
280 34
281 31
282 33
283 30
284 30
285 33
286 31
287 30
288 32
289 29
290 29
291 29
292 29
293 29
294 26
295 26
296 24
297 24
298 23
299 27
300 27
301 26
302 26
303 22
304 23
305 23
306 24
307 23
308 23
309 22
310 19
311 21
312 21
313 19
314 19
315 21
316 20
317 19
318 19
319 16
320 18
321 17
322 19
323 17
324 17
325 19
326 17
327 18
328 15
329 17
330 15
331 16
332 15
333 15
334 14
335 14
336 15
337 15
338 14
339 13
340 11
341 11
342 13
343 13
344 12
345 11
346 10
347 10
348 11
349 10
350 10
351 10
352 10
353 11
354 10
355 9
356 10
357 9
358 9
359 11
360 9
361 7
362 7
363 8
364 8
365 9
366 9
367 9
368 8
369 8
370 9
371 8
372 8
373 6
374 6
375 6
376 5
377 5
378 6
379 6
380 5
381 5
382 5
383 5
384 4
385 4
386 5
387 4
388 4
389 5
390 5
391 5
392 5
393 4
394 4
395 4
396 3
397 4
398 4
399 4
400 4
401 3
402 3
403 4
404 4
405 3
406 5
407 5
408 2
409 2
410 3
411 4
412 3
413 4
414 3
415 3
416 2
417 2
418 2
419 2
420 2
421 2
422 2
423 3
424 2
425 1
426 2
427 2
428 2
429 1
430 1
431 2
432 2
433 1
434 2
435 2
436 2
437 2
438 1
439 2
440 2
441 2
442 1
443 1
444 1
445 2
446 1
447 1
448 1
449 0
450 1
451 0
452 1
453 0
454 1
455 0
456 1
457 1
458 0
459 0
460 1
461 0
462 1
463 1
464 1
465 0
466 1
467 1
468 0
469 1
470 0
471 1
472 1
473 0
474 1
475 0
476 0
477 0
478 0
479 0
480 0
481 1
482 0
483 0
484 0
485 0
486 0
487 0
488 0
489 0
490 0
491 0
492 0
493 0
494 0
495 0
496 0
497 0
498 0
499 0
500 0
