5 36
6 30
7 27
8 26
9 21
10 20
11 21
12 19
13 19
14 18
15 17
16 16
17 16
18 16
19 15
20 15
21 14
22 14
23 14
24 14
25 14
26 13
27 13
28 13
29 13
30 13
31 13
32 13
33 12
34 13
35 13
36 12
37 13
38 13
39 12
40 12
41 12
42 12
43 12
44 12
45 12
46 13
47 12
48 12
49 12
50 12
51 13
52 13
53 12
54 13
55 13
56 13
57 13
58 13
59 14
60 13
61 13
62 13
63 13
64 14
65 13
66 14
67 14
68 14
69 14
70 14
71 14
72 14
73 15
74 15
75 14
76 15
77 15
78 15
79 15
80 16
81 16
82 16
83 16
84 16
85 16
86 16
87 17
88 17
89 17
90 17
91 17
92 17
93 17
94 18
95 18
96 18
97 18
98 18
99 19
100 19
101 19
102 20
103 20
104 20
105 20
106 20
107 20
108 20
109 20
110 21
111 21
112 21
113 22
114 22
115 22
116 23
117 22
118 23
119 23
120 23
121 24
122 25
123 24
124 24
125 25
126 25
127 26
128 25
129 26
130 26
131 27
132 27
133 28
134 27
135 28
136 28
137 29
138 30
139 29
140 30
141 30
142 30
143 30
144 31
145 32
146 31
147 33
148 32
149 34
150 34
151 34
152 34
153 34
154 35
155 36
156 35
157 36
158 36
159 36
160 38
161 37
162 39
163 38
164 39
165 39
166 39
167 40
168 40
169 42
170 40
171 42
172 43
173 43
174 42
175 43
176 45
177 44
178 44
179 45
180 46
181 46
182 46
183 48
184 48
185 47
186 50
187 49
188 49
189 49
190 50
191 51
192 52
193 53
194 52
195 52
196 53
197 54
198 55
199 54
200 55
201 55
202 55
203 56
204 57
205 56
206 58
207 59
208 59
209 59
210 59
211 61
212 60
213 62
214 61
215 62
216 63
217 63
218 64
219 64
220 64
221 65
222 64
223 65
224 66
225 67
226 68
227 66
228 68
229 68
230 69
231 69
232 70
233 70
234 71
235 71
236 70
237 73
238 70
239 73
240 72
241 72
242 73
243 74
244 75
245 75
246 75
247 75
248 76
249 75
250 78
251 76
252 77
253 78
254 77
255 77
256 79
257 78
258 80
259 80
260 81
261 80
262 80
263 81
264 82
265 82
266 82
267 82
268 81
269 83
270 83
271 84
272 84
273 84
274 84
275 84
276 85
277 85
278 85
279 85
280 85
281 86
282 86
283 86
284 86
285 87
286 88
287 87
288 86
289 88
290 88
291 89
292 90
293 88
294 89
295 89
296 89
297 90
298 90
299 90
300 90
301 89
302 90
303 90
304 92
305 91
306 91
307 92
308 91
309 92
310 92
311 92
312 92
313 92
314 93
315 93
316 93
317 93
318 94
319 93
320 94
321 93
322 94
323 93
324 94
325 94
326 94
327 94
328 95
329 94
330 94
331 95
332 95
333 95
334 95
335 95
336 95
337 96
338 95
339 95
340 96
341 95
342 96
343 96
344 96
345 96
346 96
347 96
348 96
349 97
350 97
351 96
352 96
353 96
354 97
355 97
356 97
357 97
358 97
359 97
360 97
361 97
362 98
363 98
364 98
365 98
366 98
367 97
368 97
369 98
370 98
371 97
372 98
373 98
374 98
375 98
376 98
377 98
378 99
379 98
380 98
381 98
382 99
383 99
384 99
385 99
386 99
387 99
388 98
389 99
390 99
391 99
392 99
393 99
394 99
395 99
396 99
397 99
398 99
399 99
400 99
401 99
402 99
403 99
404 99
405 99
406 99
407 99
408 99
409 100
410 99
411 99
412 99
413 99
414 99
415 99
416 99
417 99
418 100
419 99
420 99
421 100
422 100
423 100
424 100
425 100
426 100
427 99
428 100
429 100
430 100
431 100
432 100
433 100
434 100
435 100
436 100
437 100
438 100
439 100
440 100
441 100
442 100
443 100
444 100
445 100
446 100
447 100
448 100
449 100
450 100
451 100
452 100
453 100
454 100
455 100
456 100
457 100
458 100
459 100
460 100
461 100
462 100
463 100
464 100
465 100
466 100
467 100
468 100
469 100
470 100
471 100
472 100
473 100
474 100
475 100
476 100
477 100
478 100
479 100
480 100
481 100
482 100
483 100
484 100
485 100
486 100
487 100
488 100
489 100
490 100
491 100
492 100
493 100
494 100
495 100
496 100
497 100
498 100
499 100
500 100
