5 187
6 257
7 314
8 364
9 451
10 521
11 513
12 624
13 703
14 749
15 880
16 1051
17 1019
18 1135
19 1094
20 1314
21 1440
22 1400
23 1501
24 1718
25 1638
26 1789
27 1858
28 2108
29 2104
30 2136
31 2371
32 2200
33 2389
34 2767
35 2868
36 2970
37 2863
38 3121
39 3448
40 3487
41 3765
42 3671
43 3709
44 3960
45 4229
46 4527
47 4252
48 4615
49 4551
50 4732
51 5200
52 5139
53 5208
54 5891
55 5969
56 5919
57 6122
58 6433
59 7228
60 6799
61 7213
62 7228
63 7568
64 7646
65 7793
66 7954
67 8384
68 8628
69 8774
70 8927
71 9332
72 9451
73 10004
74 10291
75 10349
76 10650
77 10799
78 11564
79 11350
80 12243
81 12437
82 12704
83 12726
84 13635
85 13415
86 13461
87 15214
88 14635
89 15259
90 15487
91 15868
92 16286
93 16195
94 17215
95 17569
96 17594
97 17902
98 18314
99 20085
100 19720
101 19726
102 21054
103 21303
104 22019
105 21563
106 22860
107 23028
108 22920
109 23609
110 25231
111 25482
112 25984
113 27546
114 26412
115 27127
116 28494
117 28336
118 29621
119 30377
120 30449
121 31638
122 32852
123 31744
124 32529
125 34572
126 35242
127 35949
128 35891
129 36832
130 38065
131 39324
132 38684
133 41194
134 40846
135 42504
136 41859
137 43469
138 45505
139 45387
140 47012
141 47870
142 47641
143 48304
144 51054
145 51957
146 51709
147 53791
148 53486
149 56922
150 57114
151 57302
152 58493
153 58750
154 61191
155 62545
156 60957
157 64027
158 65169
159 65483
160 68803
161 68724
162 71074
163 70176
164 72044
165 73371
166 74889
167 77059
168 77570
169 80885
170 78580
171 83240
172 84563
173 84919
174 83871
175 86896
176 90675
177 89204
178 90491
179 93824
180 96151
181 96740
182 97323
183 100081
184 102472
185 100113
186 106653
187 105791
188 105976
189 106969
190 110092
191 112599
192 115421
193 117713
194 115677
195 116108
196 120681
197 124268
198 125008
199 125373
200 128219
201 127905
202 129300
203 132497
204 135149
205 134355
206 137625
207 140894
208 141488
209 143116
210 144061
211 151035
212 148055
213 153270
214 150806
215 154909
216 159280
217 158896
218 163084
219 163594
220 164727
221 166618
222 166363
223 168592
224 173248
225 175853
226 179419
227 173825
228 181467
229 180003
230 184514
231 186686
232 189081
233 189247
234 195837
235 195415
236 193187
237 200755
238 194077
239 204454
240 202376
241 203105
242 207434
243 209860
244 215048
245 214329
246 214111
247 216705
248 218760
249 219248
250 226683
251 221246
252 225292
253 229533
254 228301
255 229445
256 235212
257 232415
258 240124
259 242850
260 246158
261 242852
262 244314
263 248647
264 252103
265 253703
266 254079
267 255378
268 254722
269 260779
270 262118
271 264892
272 268663
273 269949
274 269708
275 271423
276 273284
277 275896
278 276538
279 278009
280 278165
281 282627
282 281861
283 287007
284 284637
285 288922
286 294449
287 291211
288 290970
289 295555
290 298607
291 302895
292 306595
293 304527
294 306978
295 308371
296 308127
297 312834
298 313839
299 315806
300 314328
301 313939
302 317922
303 318889
304 326127
305 325261
306 325462
307 328399
308 327735
309 332124
310 333322
311 335528
312 334842
313 336872
314 340977
315 344418
316 343095
317 344437
318 350534
319 346536
320 352035
321 348445
322 352774
323 353745
324 355138
325 356254
326 359005
327 361637
328 363953
329 362698
330 364831
331 367498
332 370542
333 369667
334 371007
335 371078
336 374926
337 379759
338 376113
339 378262
340 384196
341 381910
342 385862
343 387276
344 386704
345 385979
346 388791
347 391185
348 390288
349 395759
350 395809
351 396605
352 395903
353 396765
354 400217
355 404036
356 404615
357 404635
358 406476
359 408829
360 408355
361 411608
362 413174
363 416438
364 417422
365 418350
366 419108
367 418853
368 419603
369 425106
370 424609
371 423456
372 425049
373 428871
374 431086
375 431936
376 432786
377 434114
378 436200
379 435304
380 437044
381 438629
382 444450
383 442999
384 444121
385 444438
386 445601
387 448218
388 447298
389 450523
390 450518
391 452085
392 456028
393 455758
394 457095
395 460231
396 458475
397 460001
398 462737
399 463045
400 463659
401 465168
402 465666
403 467555
404 468762
405 472184
406 471894
407 473971
408 475669
409 477414
410 476112
411 477778
412 480895
413 479723
414 482308
415 483193
416 483972
417 483842
418 489671
419 487378
420 489845
421 490588
422 493780
423 495660
424 495074
425 496167
426 496835
427 498251
428 500008
429 503724
430 503352
431 503338
432 504504
433 506376
434 509029
435 509982
436 508919
437 510564
438 511733
439 513719
440 515371
441 516022
442 516248
443 519198
444 520839
445 522435
446 523457
447 522417
448 526965
449 526774
450 526398
451 528604
452 529541
453 530338
454 533283
455 534009
456 534702
457 536474
458 537936
459 538523
460 539020
461 541466
462 541223
463 543581
464 543204
465 546926
466 546143
467 548274
468 550044
469 551137
470 553135
471 551857
472 553379
473 554291
474 556076
475 558096
476 558777
477 561814
478 560155
479 561363
480 564653
481 564647
482 564799
483 568223
484 567638
485 570296
486 571578
487 571028
488 573665
489 574188
490 575654
491 577961
492 578642
493 580019
494 580593
495 581623
496 583982
497 583420
498 585828
499 586741
500 587645
