5 66
6 70
7 73
8 74
9 79
10 79
11 79
12 81
13 82
14 82
15 83
16 84
17 83
18 84
19 85
20 85
21 86
22 85
23 86
24 86
25 86
26 87
27 87
28 87
29 87
30 87
31 87
32 87
33 87
34 87
35 87
36 87
37 88
38 87
39 87
40 88
41 88
42 88
43 88
44 88
45 88
46 88
47 88
48 88
49 88
50 87
51 88
52 88
53 87
54 87
55 87
56 87
57 87
58 87
59 87
60 87
61 86
62 86
63 87
64 87
65 87
66 86
67 86
68 86
69 86
70 86
71 86
72 86
73 86
74 85
75 85
76 85
77 85
78 85
79 85
80 84
81 85
82 84
83 84
84 84
85 84
86 84
87 84
88 83
89 83
90 83
91 83
92 82
93 82
94 82
95 82
96 82
97 81
98 82
99 81
100 81
101 81
102 81
103 81
104 80
105 80
106 80
107 80
108 80
109 79
110 80
111 79
112 78
113 78
114 78
115 78
116 77
117 78
118 76
119 77
120 76
121 76
122 76
123 76
124 76
125 75
126 75
127 74
128 73
129 73
130 73
131 73
132 74
133 73
134 73
135 72
136 71
137 71
138 71
139 71
140 71
141 71
142 69
143 69
144 69
145 68
146 68
147 68
148 67
149 67
150 66
151 66
152 66
153 66
154 66
155 65
156 65
157 64
158 63
159 64
160 63
161 62
162 62
163 61
164 61
165 60
166 60
167 60
168 59
169 60
170 59
171 58
172 58
173 57
174 57
175 57
176 56
177 56
178 56
179 54
180 55
181 53
182 54
183 52
184 52
185 52
186 52
187 51
188 50
189 49
190 50
191 49
192 48
193 48
194 47
195 48
196 47
197 48
198 46
199 45
200 45
201 44
202 42
203 43
204 43
205 44
206 43
207 42
208 41
209 41
210 41
211 39
212 39
213 39
214 38
215 38
216 38
217 38
218 37
219 36
220 36
221 36
222 35
223 34
224 34
225 34
226 33
227 33
228 30
229 32
230 30
231 31
232 31
233 30
234 28
235 30
236 29
237 29
238 29
239 27
240 28
241 27
242 27
243 27
244 26
245 25
246 26
247 24
248 25
249 25
250 22
251 23
252 23
253 21
254 23
255 23
256 21
257 21
258 21
259 20
260 21
261 19
262 19
263 20
264 19
265 19
266 19
267 20
268 17
269 17
270 18
271 17
272 16
273 16
274 17
275 15
276 15
277 15
278 16
279 15
280 15
281 13
282 14
283 13
284 13
285 14
286 12
287 13
288 13
289 12
290 11
291 12
292 11
293 11
294 11
295 12
296 11
297 10
298 10
299 10
300 9
301 9
302 8
303 10
304 9
305 9
306 9
307 9
308 9
309 8
310 9
311 7
312 8
313 8
314 8
315 7
316 7
317 7
318 7
319 7
320 6
321 7
322 7
323 6
324 6
325 5
326 6
327 6
328 5
329 5
330 5
331 5
332 6
333 5
334 5
335 5
336 5
337 5
338 5
339 5
340 5
341 5
342 4
343 4
344 5
345 5
346 3
347 4
348 4
349 4
350 3
351 4
352 3
353 3
354 3
355 2
356 3
357 4
358 3
359 3
360 3
361 2
362 2
363 3
364 3
365 3
366 2
367 2
368 2
369 3
370 1
371 2
372 2
373 2
374 2
375 2
376 2
377 2
378 2
379 1
380 2
381 2
382 1
383 2
384 2
385 2
386 1
387 1
388 1
389 1
390 2
391 1
392 1
393 1
394 1
395 1
396 1
397 1
398 1
399 1
400 1
401 1
402 1
403 1
404 1
405 1
406 1
407 1
408 1
409 1
410 0
411 1
412 1
413 1
414 1
415 1
416 1
417 1
418 1
419 0
420 1
421 0
422 1
423 1
424 0
425 0
426 0
427 1
428 0
429 0
430 0
431 0
432 0
433 0
434 0
435 0
436 0
437 0
438 0
439 0
440 0
441 0
442 0
443 0
444 0
445 0
446 0
447 0
448 0
449 0
450 0
451 0
452 0
453 0
454 0
455 0
456 0
457 0
458 0
459 0
460 0
461 0
462 0
463 0
464 0
465 0
466 0
467 0
468 0
469 0
470 0
471 0
472 0
473 0
474 0
475 0
476 0
477 0
478 0
479 0
480 0
481 0
482 0
483 0
484 0
485 0
486 0
487 0
488 0
489 0
490 0
491 0
492 0
493 0
494 0
495 0
496 0
497 0
498 0
499 0
500 0
