5 92
6 93
7 93
8 94
9 94
10 95
11 95
12 95
13 95
14 96
15 96
16 96
17 96
18 96
19 96
20 96
21 96
22 97
23 96
24 97
25 97
26 97
27 97
28 97
29 97
30 97
31 97
32 97
33 97
34 97
35 97
36 97
37 97
38 97
39 97
40 97
41 97
42 97
43 97
44 97
45 97
46 97
47 97
48 97
49 97
50 97
51 97
52 97
53 97
54 97
55 97
56 97
57 97
58 97
59 97
60 97
61 97
62 97
63 97
64 97
65 97
66 97
67 97
68 97
69 97
70 96
71 97
72 97
73 97
74 97
75 96
76 97
77 96
78 96
79 96
80 97
81 96
82 96
83 96
84 96
85 96
86 96
87 96
88 96
89 96
90 96
91 96
92 96
93 96
94 96
95 96
96 96
97 96
98 95
99 96
100 96
101 95
102 95
103 95
104 95
105 95
106 95
107 95
108 95
109 95
110 95
111 95
112 95
113 94
114 94
115 95
116 95
117 94
118 94
119 94
120 94
121 94
122 94
123 94
124 94
125 94
126 94
127 93
128 93
129 93
130 93
131 93
132 93
133 93
134 93
135 92
136 93
137 92
138 93
139 92
140 92
141 93
142 92
143 92
144 92
145 91
146 91
147 91
148 91
149 91
150 92
151 90
152 91
153 91
154 90
155 90
156 91
157 90
158 89
159 90
160 89
161 89
162 89
163 89
164 88
165 89
166 89
167 88
168 88
169 88
170 87
171 87
172 88
173 87
174 87
175 87
176 86
177 86
178 85
179 85
180 86
181 85
182 85
183 85
184 84
185 84
186 84
187 84
188 85
189 84
190 84
191 83
192 84
193 82
194 83
195 81
196 82
197 81
198 81
199 80
200 80
201 81
202 80
203 79
204 80
205 79
206 79
207 78
208 79
209 77
210 78
211 76
212 76
213 77
214 77
215 74
216 77
217 76
218 75
219 73
220 76
221 74
222 74
223 73
224 73
225 71
226 69
227 71
228 70
229 70
230 68
231 71
232 69
233 69
234 70
235 67
236 67
237 67
238 67
239 69
240 65
241 67
242 64
243 65
244 63
245 65
246 66
247 61
248 62
249 61
250 61
251 62
252 60
253 60
254 59
255 61
256 60
257 59
258 58
259 56
260 55
261 57
262 57
263 56
264 55
265 54
266 51
267 51
268 48
269 50
270 51
271 51
272 54
273 52
274 48
275 49
276 51
277 47
278 47
279 48
280 46
281 46
282 46
283 46
284 40
285 43
286 45
287 41
288 42
289 43
290 39
291 40
292 40
293 40
294 39
295 39
296 36
297 40
298 39
299 36
300 36
301 34
302 35
303 36
304 34
305 33
306 35
307 28
308 32
309 31
310 31
311 30
312 32
313 30
314 29
315 33
316 28
317 29
318 24
319 28
320 28
321 24
322 26
323 25
324 24
325 27
326 23
327 23
328 23
329 26
330 22
331 26
332 22
333 19
334 19
335 20
336 23
337 21
338 22
339 21
340 20
341 20
342 20
343 17
344 18
345 17
346 18
347 20
348 19
349 16
350 13
351 15
352 16
353 15
354 16
355 13
356 16
357 15
358 13
359 12
360 12
361 11
362 13
363 14
364 13
365 12
366 12
367 13
368 12
369 7
370 11
371 12
372 10
373 12
374 11
375 11
376 11
377 10
378 11
379 8
380 8
381 10
382 11
383 9
384 8
385 7
386 8
387 9
388 8
389 7
390 8
391 8
392 8
393 7
394 7
395 9
396 7
397 6
398 9
399 7
400 8
401 7
402 7
403 5
404 6
405 6
406 6
407 5
408 6
409 5
410 6
411 5
412 4
413 4
414 6
415 5
416 4
417 5
418 3
419 4
420 5
421 4
422 3
423 5
424 4
425 4
426 4
427 3
428 3
429 4
430 3
431 4
432 3
433 3
434 4
435 3
436 2
437 3
438 3
439 3
440 2
441 4
442 2
443 3
444 2
445 1
446 3
447 2
448 2
449 2
450 3
451 3
452 1
453 3
454 1
455 2
456 2
457 3
458 1
459 2
460 1
461 2
462 2
463 3
464 2
465 1
466 1
467 1
468 2
469 1
470 1
471 2
472 1
473 2
474 2
475 1
476 1
477 1
478 1
479 1
480 0
481 0
482 0
483 0
484 0
485 0
486 0
487 0
488 0
489 0
490 0
491 0
492 0
493 0
494 0
495 0
496 0
497 0
498 0
499 0
500 0
