5 68
6 72
7 74
8 79
9 77
10 78
11 80
12 81
13 83
14 83
15 83
16 84
17 84
18 85
19 85
20 85
21 85
22 86
23 87
24 86
25 86
26 86
27 87
28 87
29 87
30 87
31 87
32 88
33 87
34 87
35 87
36 87
37 87
38 88
39 87
40 88
41 87
42 88
43 88
44 88
45 88
46 87
47 87
48 87
49 87
50 88
51 87
52 87
53 88
54 88
55 87
56 87
57 87
58 87
59 87
60 87
61 87
62 87
63 87
64 86
65 87
66 86
67 86
68 86
69 86
70 86
71 86
72 86
73 86
74 86
75 85
76 85
77 85
78 85
79 85
80 84
81 84
82 84
83 84
84 84
85 84
86 83
87 83
88 83
89 83
90 83
91 83
92 83
93 83
94 83
95 82
96 82
97 82
98 82
99 82
100 81
101 81
102 81
103 81
104 80
105 79
106 80
107 80
108 79
109 78
110 79
111 79
112 79
113 78
114 78
115 78
116 78
117 78
118 77
119 76
120 77
121 76
122 76
123 76
124 75
125 75
126 75
127 74
128 74
129 74
130 74
131 73
132 73
133 73
134 72
135 72
136 72
137 72
138 71
139 71
140 70
141 69
142 71
143 69
144 69
145 68
146 68
147 67
148 67
149 68
150 66
151 67
152 65
153 66
154 64
155 65
156 64
157 63
158 64
159 63
160 63
161 63
162 61
163 61
164 61
165 62
166 60
167 60
168 59
169 58
170 59
171 58
172 57
173 57
174 57
175 55
176 57
177 56
178 54
179 55
180 54
181 53
182 53
183 53
184 52
185 51
186 51
187 52
188 49
189 50
190 49
191 49
192 48
193 47
194 49
195 47
196 47
197 46
198 45
199 45
200 45
201 44
202 45
203 43
204 44
205 41
206 42
207 41
208 41
209 40
210 41
211 40
212 39
213 39
214 37
215 37
216 40
217 38
218 37
219 36
220 36
221 36
222 37
223 34
224 34
225 34
226 34
227 33
228 34
229 33
230 30
231 32
232 31
233 30
234 31
235 30
236 28
237 28
238 28
239 28
240 26
241 27
242 27
243 25
244 25
245 25
246 24
247 25
248 24
249 23
250 24
251 23
252 23
253 24
254 22
255 21
256 22
257 22
258 21
259 21
260 19
261 19
262 19
263 20
264 18
265 19
266 17
267 17
268 18
269 17
270 17
271 16
272 17
273 16
274 15
275 16
276 16
277 16
278 14
279 15
280 14
281 15
282 14
283 14
284 14
285 13
286 12
287 11
288 12
289 12
290 13
291 12
292 11
293 12
294 12
295 12
296 10
297 11
298 10
299 9
300 10
301 10
302 10
303 10
304 10
305 10
306 9
307 9
308 9
309 7
310 8
311 7
312 7
313 8
314 7
315 7
316 8
317 7
318 6
319 7
320 7
321 7
322 6
323 6
324 7
325 6
326 6
327 6
328 6
329 6
330 5
331 5
332 5
333 5
334 6
335 5
336 4
337 6
338 4
339 4
340 5
341 3
342 4
343 4
344 4
345 3
346 4
347 4
348 4
349 4
350 4
351 4
352 4
353 3
354 4
355 3
356 3
357 3
358 3
359 3
360 3
361 3
362 3
363 3
364 3
365 3
366 3
367 2
368 2
369 2
370 2
371 2
372 2
373 1
374 2
375 1
376 2
377 2
378 2
379 2
380 2
381 2
382 1
383 1
384 2
385 1
386 1
387 1
388 1
389 1
390 1
391 1
392 1
393 1
394 1
395 1
396 1
397 1
398 2
399 1
400 1
401 1
402 1
403 1
404 1
405 1
406 1
407 1
408 0
409 0
410 0
411 1
412 1
413 1
414 1
415 0
416 0
417 0
418 1
419 0
420 0
421 0
422 1
423 0
424 1
425 1
426 0
427 0
428 0
429 0
430 0
431 0
432 0
433 0
434 1
435 0
436 0
437 0
438 0
439 0
440 0
441 0
442 0
443 0
444 0
445 0
446 0
447 0
448 0
449 0
450 0
451 0
452 0
453 0
454 0
455 0
456 0
457 0
458 0
459 0
460 0
461 0
462 0
463 0
464 0
465 0
466 0
467 0
468 0
469 0
470 0
471 0
472 0
473 0
474 0
475 0
476 0
477 0
478 0
479 0
480 0
481 0
482 0
483 0
484 0
485 0
486 0
487 0
488 0
489 0
490 0
491 0
492 0
493 0
494 0
495 0
496 0
497 0
498 0
499 0
500 0
