5 90
6 89
7 91
8 92
9 94
10 93
11 94
12 94
13 95
14 95
15 95
16 95
17 95
18 95
19 95
20 96
21 96
22 96
23 96
24 96
25 96
26 96
27 96
28 96
29 96
30 96
31 96
32 96
33 96
34 96
35 96
36 96
37 96
38 96
39 96
40 96
41 96
42 96
43 96
44 96
45 96
46 96
47 96
48 96
49 96
50 96
51 96
52 96
53 96
54 96
55 96
56 96
57 96
58 96
59 96
60 96
61 96
62 96
63 96
64 96
65 96
66 96
67 96
68 96
69 96
70 96
71 96
72 96
73 96
74 96
75 96
76 96
77 96
78 95
79 95
80 96
81 96
82 95
83 95
84 95
85 95
86 95
87 96
88 95
89 95
90 95
91 95
92 95
93 95
94 95
95 95
96 95
97 94
98 94
99 94
100 94
101 94
102 94
103 95
104 94
105 94
106 94
107 94
108 94
109 94
110 93
111 94
112 93
113 93
114 93
115 94
116 93
117 93
118 93
119 93
120 93
121 92
122 92
123 93
124 92
125 92
126 92
127 92
128 92
129 92
130 92
131 92
132 91
133 91
134 91
135 91
136 91
137 91
138 91
139 90
140 91
141 90
142 90
143 89
144 90
145 90
146 89
147 89
148 89
149 89
150 89
151 88
152 88
153 88
154 88
155 88
156 87
157 87
158 87
159 86
160 87
161 87
162 87
163 87
164 86
165 86
166 86
167 86
168 86
169 85
170 85
171 85
172 86
173 84
174 84
175 84
176 84
177 83
178 83
179 83
180 82
181 83
182 82
183 82
184 82
185 82
186 81
187 82
188 78
189 80
190 80
191 80
192 78
193 80
194 79
195 79
196 77
197 77
198 76
199 76
200 75
201 78
202 75
203 75
204 75
205 73
206 75
207 74
208 74
209 74
210 72
211 73
212 72
213 72
214 72
215 72
216 72
217 70
218 70
219 67
220 70
221 71
222 67
223 68
224 67
225 66
226 65
227 67
228 65
229 65
230 66
231 64
232 65
233 63
234 63
235 61
236 61
237 62
238 61
239 61
240 61
241 56
242 59
243 61
244 58
245 59
246 57
247 56
248 57
249 54
250 55
251 53
252 57
253 54
254 54
255 52
256 53
257 51
258 52
259 51
260 51
261 49
262 48
263 48
264 47
265 50
266 46
267 46
268 46
269 46
270 45
271 44
272 47
273 41
274 41
275 44
276 44
277 43
278 42
279 40
280 42
281 43
282 38
283 41
284 38
285 36
286 39
287 34
288 40
289 38
290 33
291 39
292 36
293 36
294 34
295 34
296 37
297 33
298 33
299 31
300 31
301 30
302 32
303 28
304 29
305 32
306 26
307 27
308 28
309 28
310 28
311 30
312 24
313 27
314 21
315 24
316 23
317 22
318 23
319 23
320 23
321 20
322 22
323 23
324 19
325 21
326 21
327 23
328 19
329 20
330 19
331 20
332 17
333 19
334 20
335 18
336 19
337 18
338 14
339 16
340 16
341 16
342 16
343 14
344 18
345 15
346 12
347 14
348 12
349 15
350 14
351 12
352 14
353 15
354 11
355 11
356 14
357 14
358 11
359 12
360 11
361 13
362 11
363 13
364 10
365 10
366 10
367 10
368 9
369 10
370 12
371 12
372 7
373 7
374 9
375 10
376 8
377 10
378 9
379 8
380 8
381 7
382 8
383 7
384 8
385 8
386 6
387 9
388 6
389 5
390 7
391 6
392 6
393 5
394 5
395 5
396 7
397 4
398 6
399 5
400 6
401 4
402 4
403 3
404 5
405 4
406 4
407 5
408 4
409 3
410 3
411 4
412 3
413 3
414 4
415 3
416 4
417 3
418 2
419 2
420 4
421 3
422 3
423 3
424 3
425 4
426 3
427 3
428 3
429 4
430 3
431 2
432 3
433 3
434 3
435 3
436 2
437 3
438 2
439 2
440 3
441 2
442 2
443 1
444 3
445 2
446 2
447 3
448 3
449 0
450 2
451 1
452 1
453 1
454 1
455 1
456 1
457 2
458 1
459 2
460 2
461 0
462 1
463 1
464 1
465 1
466 1
467 1
468 0
469 0
470 0
471 0
472 0
473 0
474 0
475 0
476 0
477 0
478 0
479 0
480 0
481 0
482 0
483 0
484 0
485 0
486 0
487 0
488 0
489 0
490 0
491 0
492 0
493 0
494 0
495 0
496 0
497 0
498 0
499 0
500 0
